[2^n | n <- [1..8]]

output : [2,4,8,16,32,64,128,256]

[2^n | n <- [1..8], 2^n < 10]

output : [2,4,8]

[2^n | n <- [1..10], 2^n >= 10, 2^n <= 100]

output : [16,32,64]

Prelude> [ x + y | x <- [1..10], y <- [20..30]]
[21,22,23,24,25,26,27,28,29,30,31,22,23,24,25,26,27,28,29,30,31,32,23,24,25,26,27,28,29,30,
31,32,33,24,25,26,27,28,29,30,31,32,33,34,25,26,27,28,29,30,31,32,33,34,35,26,27,28,29,30,
31,32,33,34,35,36,27,28,29,30,31,32,33,34,35,36,37,28,29,30,31,32,33,34,35,36,37,38,29,30,
31,32,33,34,35,36,37,38,39,30,31,32,33,34,35,36,37,38,39,40]

Prelude> [(x,y) | x <- [1..5], y <- [1..5]]
[(1,1),(1,2),(1,3),(1,4),(1,5),
(2,1),(2,2),(2,3),(2,4),(2,5),
(3,1),(3,2),(3,3),(3,4),(3,5),
(4,1),(4,2),(4,3),(4,4),(4,5),
(5,1),(5,2),(5,3),(5,4),(5,5)]